0.64571673
0.57636780
0.50872087
0.46914345
0.46892044
0.45614007
0.43516636
0.42619658
0.41128081
0.37383977
0.36312458
0.34795851
0.33952108
0.33689493
0.33437634
0.33159888
0.29128081
0.27263963
0.27095693
0.27061483
0.26812631
0.26549244
0.25792477
0.25295645
0.21542419
0.21366355
0.20730260
0.20044965
0.19995324
0.18896170
0.18686584
0.18388060
0.17803992
0.16759361
0.15950345
0.14715946
0.14518860
0.14329705
0.13208953
0.12753810
0.12634574
0.12559292
0.12535530
0.12071418
0.12070014
0.11786559
0.11473238
0.10981978
0.10487790
0.10305655
0.10266915
0.10009851
0.09501076
0.08579021
0.07461273
0.07066929
0.06669547
0.06502729
0.05857771
0.05654198
0.05122215
0.05056665
0.03757445
0.02127256
0.01930695
0.01398332
0.01360545
0.00886598
0.00822394
0.00752119
0.00026013
0.00017692
