-0.40700114 -0.07126103 0.78100002 -0.34845210 -0.39651984 -0.56064764 0.63798697
-0.40543389 -0.10885707 0.74500000 0.47162454 0.43204673 0.56681844 -0.51925213
-0.39130747 -0.20439467 0.76400000 0.34768219 -0.36413080 0.59667526 0.62490358
-0.40746433 -0.06952586 0.78187901 -0.58704681 0.60760742 -0.31994840 -0.42874502
-0.41092899 -0.10164398 0.75761110 0.64663098 -0.48236243 0.44200384 0.39220846
-0.40965584 -0.10307772 0.75700003 -0.30445083 -0.50118333 -0.42054272 0.69229241
-0.41091633 -0.03330742 0.81400001 -0.30445083 -0.50118333 -0.42054272 0.69229241
0.03641560 -0.16116242 0.80938488 0.50296349 0.49701884 0.63939628 -0.30194767
-0.40420413 -0.16968994 0.72899997 0.34768219 -0.36413080 0.59667526 0.62490358
0.26124954 -0.07958017 0.89064091 0.51730847 -0.48207048 0.38459553 0.59336858
-0.41522944 -0.07188052 0.78285909 0.75134569 -0.42331926 0.39892226 0.31167529
-0.41124034 -0.03600059 0.81157416 0.64663098 -0.48236243 0.44200384 0.39220846
-0.40220961 -0.16644883 0.72321236 0.54656348 0.62187286 0.41320281 -0.37921755
-0.41139957 -0.13238393 0.73186934 0.64663098 -0.48236243 0.44200384 0.39220846
-0.40781954 -0.13695724 0.72534108 -0.39981374 -0.50233515 -0.50557582 0.57636921
0.26349729 -0.07482390 0.88900000 0.47162454 0.43204673 0.56681844 -0.51925213
-0.39437500 -0.16318558 0.72000003 0.56191842 -0.27724950 0.69890423 0.34483805
0.25223675 -0.07772998 0.89293975 0.64828956 -0.28234844 0.50834654 0.49151174
-0.39631277 -0.08064029 0.76700002 0.47447283 0.30182076 0.69770949 -0.44382566
0.03329937 -0.11711027 0.84479177 0.42394146 0.29651477 0.76327407 -0.38699525
-0.39094958 -0.21161762 0.77411950 0.66493906 0.54404204 0.43889732 -0.26314150
-0.40148935 -0.13660792 0.72032863 -0.45325055 0.61836261 -0.35436590 -0.53536569
0.02497475 -0.18113677 0.80557191 0.66493906 0.54404204 0.43889732 -0.26314150
0.03132901 -0.07848483 0.87125027 0.37141591 0.55533414 0.62775226 -0.39947629
-0.41286963 -0.07827377 0.77899998 -0.21093864 -0.45076364 -0.36762794 0.78559960
0.02567939 -0.16905399 0.79500002 0.34768219 -0.36413080 0.59667526 0.62490358
0.03127896 -0.10421287 0.85163742 0.30933425 0.48396116 0.66052246 -0.48353283
0.02311143 -0.15820973 0.80507106 0.41252699 0.58342003 0.44767382 -0.53761576
-0.41463250 -0.04265214 0.81006378 0.55434482 -0.49438925 0.28755403 0.60464351
-0.40517399 -0.16420415 0.72297645 0.67947209 0.42302412 0.53221621 -0.27588798
-0.16094691 -0.05991659 0.88000000 -0.34845210 -0.39651984 -0.56064764 0.63798697
-0.38930720 -0.11432315 0.73993129 0.42394146 0.29651477 0.76327407 -0.38699525
0.26408750 -0.10537455 0.86495775 -0.58704681 0.60760742 -0.31994840 -0.42874502
-0.15825179 -0.06789285 0.87099999 0.47447283 0.30182076 0.69770949 -0.44382566
0.25491533 -0.06806073 0.90071410 0.70423605 -0.47176750 0.34025517 0.40707914
0.02925289 -0.14901841 0.81566429 -0.45325055 0.61836261 -0.35436590 -0.53536569
-0.15761143 -0.05882430 0.88032317 -0.58704681 0.60760742 -0.31994840 -0.42874502
-0.41588891 -0.16921537 0.72399998 0.24628586 -0.47420842 0.38958769 0.75012738
0.02988985 -0.16560329 0.80466878 0.64117364 0.29815494 0.69024492 -0.15349901
-0.39655682 -0.10931935 0.74527395 -0.37809759 0.73113599 -0.20816933 -0.52834449
0.03505398 -0.14967518 0.81572086 0.30933425 0.48396116 0.66052246 -0.48353283
-0.39188021 -0.07199191 0.77736861 -0.37809759 0.73113599 -0.20816933 -0.52834449
0.26729649 -0.10160328 0.87099999 -0.34845210 -0.39651984 -0.56064764 0.63798697
0.03210041 -0.06900586 0.88115102 0.42394146 0.29651477 0.76327407 -0.38699525
0.02139207 -0.17194811 0.79900002 0.24628586 -0.47420842 0.38958769 0.75012738
0.01111852 -0.05895603 0.87791568 0.59033302 -0.42774647 0.44422813 0.52076988
-0.42359662 -0.06811635 0.78918934 0.61336013 -0.35183712 0.37687941 0.59829917
-0.39869946 -0.02037261 0.81999999 0.47447283 0.30182076 0.69770949 -0.44382566
-0.39323294 0.09173130 0.75999999 0.47447283 0.30182076 0.69770949 -0.44382566
-0.41711920 -0.13149321 0.73400003 -0.21093864 -0.45076364 -0.36762794 0.78559960
-0.39615566 -0.05351553 0.79000002 0.47447283 0.30182076 0.69770949 -0.44382566
0.03509792 -0.15803905 0.81172466 0.42394146 0.29651477 0.76327407 -0.38699525
-0.42972222 0.08079021 0.75400001 -0.05378264 -0.61282541 -0.06892522 0.78536728
-0.45074800 0.07267210 0.76400000 0.11085866 -0.55910578 0.15980480 0.80596123
0.00810182 -0.05880748 0.88039762 0.75134569 -0.42331926 0.39892226 0.31167529
-0.45368844 0.06866986 0.76528794 0.81353608 0.08545974 0.57518126 -0.00471126
0.01909281 -0.04892951 0.88499999 -0.34845210 -0.39651984 -0.56064764 0.63798697
-0.41873559 -0.13971516 0.72594070 0.78239844 -0.28437663 0.49622371 0.24646428
-0.17221972 -0.05677241 0.88176531 0.75134569 -0.42331926 0.39892226 0.31167529
-0.37763330 0.09025073 0.75900000 -0.21093864 -0.45076364 -0.36762794 0.78559960
-0.38815525 0.08908600 0.75862181 -0.37809759 0.73113599 -0.20816933 -0.52834449
-0.43303731 0.07933199 0.75475448 0.77162832 -0.14832527 0.59858608 0.15583346
0.27092040 -0.08860648 0.88188905 -0.37809759 0.73113599 -0.20816933 -0.52834449
-0.49243960 -0.00243778 0.84500003 0.11085866 -0.55910578 0.15980480 0.80596123
0.01931820 -0.08444046 0.85911995 0.48880924 -0.45955489 0.48662097 0.55953093
-0.48673910 -0.00347350 0.84572518 0.72897263 0.19164871 0.64129667 -0.14355579
-0.42077345 0.08786398 0.75662297 -0.45325055 0.61836261 -0.35436590 -0.53536569
-0.16546942 -0.23852196 0.77101731 0.64663098 -0.48236243 0.44200384 0.39220846
-0.42524582 0.08305989 0.74976742 -0.21387329 0.70690254 -0.09075422 -0.66806488
-0.16445014 -0.23805186 0.77100003 -0.30445083 -0.50118333 -0.42054272 0.69229241
-0.33039489 -0.16813816 0.62513602 0.17364642 0.63842639 0.51275731 -0.54711846
-0.33474705 -0.17106812 0.62816423 -0.06326989 0.73726702 0.18528803 -0.64660855
